%YAML:1.0
---
model_type: PINHOLE
camera_name: camera
image_width: 640
image_height: 480
distortion_parameters:
   k1: 0.0
   k2: 0.0
   p1: 0.0
   p2: 0.0
projection_parameters:
   fx: 603.420654296875
   fy: 602.5958251953125
   cx: 327.1630859375
   cy: 244.07200622558594

